Image,UCIQE (Base Image),UCIQE (Final Image)
1.jpg,"[[0.24534417 0.24535076 0.24419867 ... 0.10883901 0.10980822 0.10996243]
 [0.24535076 0.2453794  0.24422585 ... 0.10888598 0.10985345 0.11000683]
 [0.24419867 0.24422585 0.24330792 ... 0.10905831 0.11003872 0.11017365]
 ...
 [0.10883901 0.10888598 0.10905831 ... 0.09381207 0.09287067 0.09304693]
 [0.10980822 0.10985345 0.11003872 ... 0.09287067 0.09428684 0.09445564]
 [0.10996243 0.11000683 0.11017365 ... 0.09304693 0.09445564 0.09474101]]","[[0.46055448 0.36793136 0.36072546 ... 0.27496418 0.27238458 0.26224395]
 [0.36793136 0.45150686 0.36274123 ... 0.26130604 0.26250603 0.25794936]
 [0.36072546 0.36274123 0.45998277 ... 0.26037585 0.27089474 0.26657615]
 ...
 [0.27496418 0.26130604 0.26037585 ... 0.39681989 0.2971559  0.28968788]
 [0.27238458 0.26250603 0.27089474 ... 0.2971559  0.41948302 0.29437829]
 [0.26224395 0.25794936 0.26657615 ... 0.28968788 0.29437829 0.38367356]]"
2.jpg,"[[0.18026507 0.18025124 0.18006728 ... 0.0969968  0.09995972 0.10016216]
 [0.18025124 0.18024972 0.18006529 ... 0.09693053 0.09989263 0.10009517]
 [0.18006728 0.18006529 0.18029412 ... 0.09640813 0.09939926 0.09962305]
 ...
 [0.0969968  0.09693053 0.09640813 ... 0.14680477 0.1473773  0.14753895]
 [0.09995972 0.09989263 0.09939926 ... 0.1473773  0.14942637 0.14963247]
 [0.10016216 0.10009517 0.09962305 ... 0.14753895 0.14963247 0.14990909]]","[[0.54440591 0.3782671  0.35812295 ... 0.31331212 0.28773312 0.27906243]
 [0.3782671  0.54727748 0.38382512 ... 0.31614598 0.29560977 0.29229269]
 [0.35812295 0.38382512 0.53243867 ... 0.29865843 0.29272835 0.31187187]
 ...
 [0.31331212 0.31614598 0.29865843 ... 0.60077839 0.30503678 0.3096599 ]
 [0.28773312 0.29560977 0.29272835 ... 0.30503678 0.6125967  0.32133683]
 [0.27906243 0.29229269 0.31187187 ... 0.3096599  0.32133683 0.62553128]]"
6.jpg,"[[0.22053916 0.22028432 0.21868413 ... 0.08993294 0.09002919 0.09002317]
 [0.22028432 0.22008521 0.21847079 ... 0.08991155 0.09001455 0.09000676]
 [0.21868413 0.21847079 0.21742573 ... 0.08975973 0.08998881 0.08999142]
 ...
 [0.08993294 0.08991155 0.08975973 ... 0.1287424  0.12948451 0.12959875]
 [0.09002919 0.09001455 0.08998881 ... 0.12948451 0.1311338  0.13127428]
 [0.09002317 0.09000676 0.08999142 ... 0.12959875 0.13127428 0.13148509]]","[[0.66009792 0.4415526  0.42234034 ... 0.28974461 0.25919267 0.29043286]
 [0.4415526  0.69652851 0.41325349 ... 0.29126024 0.26905591 0.29472481]
 [0.42234034 0.41325349 0.68609427 ... 0.32466311 0.27872472 0.2867253 ]
 ...
 [0.28974461 0.29126024 0.32466311 ... 0.57060386 0.31889054 0.32962867]
 [0.25919267 0.26905591 0.27872472 ... 0.31889054 0.5970605  0.28238158]
 [0.29043286 0.29472481 0.2867253  ... 0.32962867 0.28238158 0.60219967]]"
7.jpg,"[[0.10995485 0.11000733 0.10849472 ... 0.05094764 0.05065713 0.05112787]
 [0.11000733 0.11009028 0.108578   ... 0.05092094 0.05065244 0.05112319]
 [0.10849472 0.108578   0.10809535 ... 0.0507359  0.05021526 0.05058434]
 ...
 [0.05094764 0.05092094 0.0507359  ... 0.12151584 0.11952952 0.11866231]
 [0.05065713 0.05065244 0.05021526 ... 0.11952952 0.1225401  0.12191143]
 [0.05112787 0.05112319 0.05058434 ... 0.11866231 0.12191143 0.12191202]]","[[0.42144674 0.2983572  0.28326368 ... 0.20445541 0.18960404 0.21454132]
 [0.2983572  0.42099423 0.30229584 ... 0.21948203 0.20560466 0.20350551]
 [0.28326368 0.30229584 0.42265009 ... 0.19956355 0.19005396 0.20108672]
 ...
 [0.20445541 0.21948203 0.19956355 ... 0.52828683 0.4337349  0.36733666]
 [0.18960404 0.20560466 0.19005396 ... 0.4337349  0.57450812 0.44514399]
 [0.21454132 0.20350551 0.20108672 ... 0.36733666 0.44514399 0.55631138]]"
8.jpg,"[[0.11843055 0.1185006  0.11826591 ... 0.02926558 0.02826856 0.02816232]
 [0.1185006  0.11860391 0.11836647 ... 0.0291039  0.02807887 0.02797357]
 [0.11826591 0.11836647 0.11867672 ... 0.02808778 0.02648567 0.02638367]
 ...
 [0.02926558 0.0291039  0.02808778 ... 0.14437759 0.14886995 0.14965994]
 [0.02826856 0.02807887 0.02648567 ... 0.14886995 0.15682525 0.15757906]
 [0.02816232 0.02797357 0.02638367 ... 0.14965994 0.15757906 0.15886953]]","[[0.43948591 0.36409889 0.35849412 ... 0.16207386 0.14743871 0.18194137]
 [0.36409889 0.46525161 0.37447109 ... 0.16541355 0.14463044 0.17008348]
 [0.35849412 0.37447109 0.43760191 ... 0.17255512 0.15201853 0.17344817]
 ...
 [0.16207386 0.16541355 0.17255512 ... 0.51067748 0.19799658 0.21201995]
 [0.14743871 0.14463044 0.15201853 ... 0.19799658 0.49366826 0.22481345]
 [0.18194137 0.17008348 0.17344817 ... 0.21201995 0.22481345 0.49012966]]"
10.jpg,"[[ 1.70871149  1.7074682   1.67300359 ... -0.05579052 -0.07927261
  -0.07826126]
 [ 1.7074682   1.70651571  1.67219326 ... -0.05513535 -0.07865561
  -0.07765319]
 [ 1.67300359  1.67219326  1.63977006 ... -0.04758248 -0.07041719
  -0.0694044 ]
 ...
 [-0.05579052 -0.05513535 -0.04758248 ...  0.44424565  0.44744422
   0.44804106]
 [-0.07927261 -0.07865561 -0.07041719 ...  0.44744422  0.45265376
   0.45334563]
 [-0.07826126 -0.07765319 -0.0694044  ...  0.44804106  0.45334563
   0.45426139]]","[[0.48657369 0.37087971 0.36497349 ... 0.1840057  0.23263105 0.23702765]
 [0.37087971 0.48610471 0.36939166 ... 0.21708423 0.22685566 0.22302474]
 [0.36497349 0.36939166 0.48536393 ... 0.20676924 0.24663038 0.26317439]
 ...
 [0.1840057  0.21708423 0.20676924 ... 0.63040841 0.38654217 0.35446149]
 [0.23263105 0.22685566 0.24663038 ... 0.38654217 0.65000758 0.38532022]
 [0.23702765 0.22302474 0.26317439 ... 0.35446149 0.38532022 0.55825877]]"
